Total Analyzed: 520
----------------------------------------------------------------------------------------------------
Rank | Name            | Code     | Score  | Prof  | Stab  | Cap   | Imp   | Acc  
----------------------------------------------------------------------------------------------------
1    | 산일전기            | 062040   |  100.0 |  -0.1 |   1.0 |   6.0 |   0.2 |  -0.4
2    | 알테오젠            | 196170   |   99.8 |   2.8 |  -0.6 |  -0.1 |   4.6 |  -0.0
3    | SK바이오팜          | 326030   |   99.6 |   3.2 |   1.0 |   0.0 |   0.2 |  -0.0
4    | 에이피알            | 278470   |   99.4 |   3.8 |  -0.1 |  -0.1 |   0.5 |  -0.1
5    | LX홀딩스           | 383800   |   99.2 |   2.4 |   0.2 |   2.2 |  -0.1 |  -0.5
6    | 한미반도체           | 042700   |   99.0 |   3.0 |   0.3 |   0.4 |  -0.0 |  -0.2
7    | 바이오노트           | 377740   |   98.8 |   0.5 |   0.3 |   3.5 |   0.0 |   0.1
8    | 클래시스            | 214150   |   98.7 |   2.3 |   0.7 |   0.4 |   0.1 |  -0.2
9    | 원텍              | 336570   |   98.5 |   2.2 |   0.8 |   0.2 |   0.1 |  -0.1
10   | 파크시스템스          | 140860   |   98.3 |   1.6 |   1.6 |   0.1 |   0.1 |  -0.2
11   | 피에스케이홀딩스        | 031980   |   98.1 |   2.1 |   0.6 |   0.5 |   0.0 |  -0.2
12   | 케어젠             | 214370   |   97.9 |   1.8 |   0.4 |   1.3 |  -0.1 |   0.0
13   | SK하이닉스          | 000660   |   97.7 |   2.5 |   0.2 |  -0.0 |   0.1 |  -0.1
14   | 휴젤              | 145020   |   97.5 |   2.0 |   0.4 |   0.8 |  -0.1 |  -0.3
15   | SK스퀘어           | 402340   |   97.3 |   3.4 |   0.7 |   0.3 |   0.4 |  -5.2
16   | 달바글로벌           | 483650   |   97.1 |   2.5 |  -0.2 |   0.4 |   0.7 |  -1.1
17   | 파마리서치           | 214450   |   96.9 |   2.0 |   0.2 |   0.5 |   0.2 |  -0.1
18   | 실리콘투            | 257720   |   96.7 |   1.8 |   0.7 |   0.1 |   0.1 |  -0.1
19   | 브이티             | 018290   |   96.5 |   2.3 |   0.2 |   0.1 |  -0.1 |  -0.2
20   | 비츠로셀            | 082920   |   96.3 |   1.2 |   0.5 |   0.8 |  -0.0 |  -0.1
21   | 잇츠한불            | 226320   |   96.2 |   0.6 |   0.5 |   1.6 |  -0.1 |  -0.2
22   | 테스              | 095610   |   96.0 |   0.8 |   0.8 |   0.4 |   0.3 |  -0.1
23   | HD현대마린솔루션       | 443060   |   95.8 |   1.5 |   0.4 |   0.1 |  -0.0 |  -0.1
24   | 삼양식품            | 003230   |   95.6 |   1.6 |   0.3 |  -0.2 |   0.1 |  -0.1
25   | HD현대마린엔진        | 071970   |   95.4 |   1.0 |   0.9 |  -0.1 |   0.1 |   0.0
26   | 대한조선            | 439260   |   95.2 |   1.3 |   0.4 |   0.1 |   0.1 |   0.0
27   | 더블유게임즈          | 192080   |   95.0 |   0.8 |   0.3 |   1.1 |  -0.1 |  -0.1
28   | 크래프톤            | 259960   |   94.8 |   1.2 |   0.3 |   0.5 |  -0.1 |  -0.5
29   | 아스테라시스          | 450950   |   94.6 |   1.8 |   0.3 |   0.7 |   0.4 |  -3.2
30   | F&F             | 383220   |   94.4 |   1.5 |   0.3 |  -0.0 |  -0.1 |  -0.1
31   | JYP Ent.        | 035900   |   94.2 |   1.4 |   0.3 |   0.0 |   0.1 |  -0.2
32   | SK디앤디           | 210980   |   94.0 |  -0.1 |   0.6 |  -0.3 |   2.9 |   0.0
33   | 유진테크            | 084370   |   93.8 |   0.9 |   0.4 |   0.8 |  -0.1 |  -0.4
34   | 코나아이            | 052400   |   93.7 |   0.8 |   1.0 |  -0.2 |  -0.0 |   0.1
35   | 한국기업평가          | 034950   |   93.5 |   1.2 |   0.3 |   0.3 |  -0.1 |  -0.3
36   | HMM             | 011200   |   93.3 |   0.9 |   0.3 |   0.6 |  -0.1 |   0.1
37   | HD현대일렉트릭        | 267260   |   93.1 |   1.4 |   0.3 |  -0.3 |  -0.0 |   0.0
38   | 한화에어로스페이스       | 012450   |   92.9 |   0.5 |   1.2 |  -0.4 |   1.0 |  -0.9
39   | 피에스케이           | 319660   |   92.7 |   1.0 |   0.4 |   0.4 |  -0.1 |  -0.5
40   | 삼성바이오로직스        | 207940   |   92.5 |   1.2 |   0.2 |  -0.0 |   0.1 |  -0.2
41   | 카페24            | 042000   |   92.3 |   0.3 |   1.2 |  -0.0 |  -0.0 |   0.0
42   | 지엔씨에너지          | 119850   |   92.1 |   0.8 |   0.4 |   0.0 |   0.1 |   0.0
43   | 글로벌텍스프리         | 204620   |   91.9 |   0.5 |   0.7 |   0.3 |   0.4 |  -0.5
44   | 쿠쿠홈시스           | 284740   |   91.7 |   0.9 |   0.4 |   0.1 |  -0.0 |  -0.3
45   | 오리온             | 271560   |   91.5 |   0.7 |   0.4 |   0.4 |  -0.1 |  -0.2
46   | 이엔에프테크놀로지       | 102710   |   91.3 |   0.2 |   1.3 |  -0.1 |   0.1 |   0.0
47   | JW생명과학          | 234080   |   91.2 |   0.9 |   0.5 |  -0.1 |  -0.1 |  -0.1
48   | F&F홀딩스          | 007700   |   91.0 |   0.9 |   0.3 |   0.1 |  -0.1 |  -0.1
49   | ISC             | 095340   |   90.8 |   0.7 |   0.3 |   0.5 |  -0.1 |  -0.1
50   | 이마트             | 139480   |   90.6 |  -0.6 |  -0.4 |  -0.3 |   4.8 |  -0.3
51   | 동서              | 026960   |   90.4 |  -0.0 |   0.3 |   1.6 |  -0.1 |  -0.5
52   | 동성화인텍           | 033500   |   90.2 |   0.6 |   0.7 |  -0.2 |   0.1 |   0.0
53   | SOOP            | 067160   |   90.0 |   0.9 |   0.4 |  -0.1 |  -0.1 |  -0.1
54   | 전진건설로봇          | 079900   |   89.8 |   0.8 |   0.3 |   0.1 |  -0.1 |  -0.0
55   | 케이씨텍            | 281820   |   89.6 |  -0.1 |   0.8 |   0.8 |  -0.0 |  -0.0
56   | 쿠쿠홀딩스           | 192400   |   89.4 |   0.5 |   0.4 |   0.5 |  -0.1 |  -0.2
57   | 코웨이             | 021240   |   89.2 |   1.0 |   0.3 |  -0.2 |  -0.1 |  -0.1
58   | 인카금융서비스         | 211050   |   89.0 |   0.8 |   0.6 |  -0.3 |  -0.0 |  -0.0
59   | 넥스틴             | 348210   |   88.8 |   1.4 |  -0.4 |   0.2 |  -0.3 |  -0.0
60   | GST             | 083450   |   88.7 |   0.7 |   0.3 |   0.3 |  -0.1 |  -0.2
61   | 태광              | 023160   |   88.5 |   0.3 |   0.3 |   0.8 |  -0.1 |  -0.1
62   | 명인제약            | 317450   |   88.3 |  -0.1 |   0.3 |   1.5 |  -0.1 |  -0.4
63   | 펌텍코리아           | 251970   |   88.1 |   0.5 |   0.5 |   0.2 |  -0.0 |  -0.1
64   | 코미코             | 183300   |   87.9 |   1.0 |   0.3 |  -0.3 |  -0.1 |  -0.1
65   | 에스엠             | 041510   |   87.7 |   0.8 |   0.1 |  -0.0 |   0.4 |  -0.5
66   | DB하이텍           | 000990   |   87.5 |   0.5 |   0.3 |   0.2 |  -0.0 |   0.0
67   | 에스앤에스텍          | 101490   |   87.3 |   0.7 |   0.4 |   0.1 |   0.1 |  -0.4
68   | 미원에스씨           | 268280   |   87.1 |   0.4 |   0.4 |   0.4 |  -0.1 |  -0.0
69   | 덕산네오룩스          | 213420   |   86.9 |   0.5 |   0.4 |   0.1 |   0.0 |  -0.1
70   | 이오테크닉스          | 039030   |   86.7 |   0.2 |   0.2 |   0.7 |   0.2 |  -0.0
71   | 성광벤드            | 014620   |   86.5 |   0.2 |   0.2 |   1.1 |  -0.1 |  -0.4
72   | 디앤디플랫폼리츠        | 377190   |   86.3 |  -0.2 |   1.7 |  -0.4 |  -0.1 |  -0.0
73   | 안랩              | 053800   |   86.2 |   0.2 |   0.8 |   0.3 |  -0.1 |  -0.5
74   | 동국제약            | 086450   |   86.0 |   0.5 |   0.5 |   0.1 |  -0.1 |  -0.1
75   | 하나투어            | 039130   |   85.8 |   1.1 |   0.1 |  -0.3 |  -0.2 |  -0.0
76   | SNT에너지          | 100840   |   85.6 |   0.6 |  -0.1 |  -0.1 |   0.7 |   0.1
77   | JW중외제약          | 001060   |   85.4 |   0.8 |   0.3 |  -0.1 |  -0.1 |  -0.3
78   | KT&G            | 033780   |   85.2 |   0.7 |   0.3 |  -0.1 |  -0.1 |  -0.3
79   | 이녹스첨단소재         | 272290   |   85.0 |   0.6 |   0.4 |  -0.1 |  -0.1 |  -0.0
80   | 우리기술투자          | 041190   |   84.8 |   1.1 |  -0.0 |   0.1 |  -0.0 |  -0.9
81   | 이수페타시스          | 007660   |   84.6 |   0.7 |   0.1 |  -0.0 |   0.1 |  -0.1
82   | 디어유             | 376300   |   84.4 |   0.4 |   0.1 |   0.7 |  -0.1 |  -0.4
83   | 더존비즈온           | 012510   |   84.2 |   0.8 |   0.4 |  -0.3 |  -0.0 |  -0.4
84   | 셀트리온            | 068270   |   84.0 |   0.5 |   0.2 |   0.1 |   0.1 |   0.0
85   | 현대로템            | 064350   |   83.8 |   0.7 |   0.1 |  -0.3 |   0.2 |  -0.0
86   | 영원무역홀딩스         | 009970   |   83.7 |   0.3 |   0.3 |   0.3 |  -0.1 |  -0.0
87   | NICE평가정보        | 030190   |   83.5 |   0.7 |   0.4 |   0.1 |  -0.0 |  -1.0
88   | SK리츠            | 395400   |   83.3 |   1.1 |   0.2 |  -0.4 |  -0.1 |  -0.8
89   | 오리온홀딩스          | 001800   |   83.1 |   0.4 |   0.3 |   0.2 |  -0.1 |  -0.1
90   | 지아이이노베이션        | 358570   |   82.9 |  -1.0 |  -1.0 |  -0.1 |   4.6 |   1.2
91   | 리노공업            | 058470   |   82.7 |   0.0 |  -1.0 |   1.6 |   0.1 |   1.2
92   | 엠씨넥스            | 097520   |   82.5 |   0.2 |   0.6 |  -0.1 |   0.1 |  -0.0
93   | 에스티팜            | 237690   |   82.3 |   0.2 |   0.6 |   0.0 |  -0.0 |   0.1
94   | 신세계 I&C         | 035510   |   82.1 |   0.0 |   0.6 |   0.1 |   0.0 |   0.0
95   | 강원랜드            | 035250   |   81.9 |   0.3 |   0.2 |   0.4 |  -0.1 |  -0.1
96   | 더핑크퐁컴퍼니         | 403850   |   81.7 |   0.3 |   0.3 |   0.3 |  -0.1 |  -0.1
97   | 한국앤컴퍼니          | 000240   |   81.5 |   0.5 |   0.2 |   0.2 |  -0.1 |  -0.3
98   | 경동나비엔           | 009450   |   81.3 |   0.5 |   0.3 |  -0.2 |  -0.1 |   0.0
99   | 웅진              | 016880   |   81.2 |   0.4 |  -0.2 |   0.5 |   0.4 |  -0.5
100  | 현대무벡스           | 319400   |   81.0 |   0.3 |   0.4 |  -0.1 |  -0.0 |   0.1
101  | 모토닉             | 009680   |   80.8 |  -0.2 |   0.2 |   1.1 |  -0.2 |  -0.1
102  | 케이아이엔엑스         | 093320   |   80.6 |   0.2 |   0.5 |   0.1 |  -0.1 |  -0.1
103  | 메디톡스            | 086900   |   80.4 |   0.2 |   0.4 |   0.1 |  -0.1 |  -0.0
104  | 코오롱ENP          | 138490   |   80.2 |   0.2 |   0.4 |   0.3 |  -0.1 |  -0.4
105  | 한솔케미칼           | 014680   |   80.0 |   0.6 |   0.3 |   0.0 |  -0.0 |  -0.8
106  | 비에이치아이          | 083650   |   79.8 |   0.7 |  -0.3 |  -0.3 |   0.6 |   0.0
107  | 미원상사            | 002840   |   79.6 |   0.2 |   0.2 |   0.5 |  -0.2 |  -0.1
108  | BYC             | 001460   |   79.4 |   0.2 |   0.5 |   0.0 |  -0.1 |  -0.0
109  | 주성엔지니어링         | 036930   |   79.2 |   0.6 |  -0.2 |   0.3 |  -0.3 |   0.0
110  | 티에스이            | 131290   |   79.0 |   0.2 |   0.3 |   0.2 |  -0.0 |  -0.0
111  | 아이티센글로벌         | 124500   |   78.8 |  -0.1 |   0.6 |  -0.3 |   0.7 |   0.1
112  | 온코닉테라퓨틱스        | 476060   |   78.7 |   0.1 |  -1.0 |  -0.1 |   1.8 |   1.2
113  | 하나머티리얼즈         | 166090   |   78.5 |   0.3 |   0.4 |  -0.1 |  -0.1 |   0.0
114  | JW홀딩스           | 096760   |   78.3 |   0.9 |   0.3 |  -0.3 |  -0.1 |  -1.1
115  | 한미약품            | 128940   |   78.1 |   0.5 |   0.2 |  -0.1 |  -0.1 |  -0.4
116  | 일신방직            | 003200   |   77.9 |  -0.5 |   1.0 |   0.3 |  -0.1 |   0.0
117  | 효성              | 004800   |   77.7 |   0.5 |   0.2 |  -0.2 |   0.2 |  -0.1
118  | 우진              | 105840   |   77.5 |   0.0 |   0.3 |   0.4 |  -0.1 |  -0.0
119  | 에이블씨엔씨          | 078520   |   77.3 |   0.5 |   0.1 |  -0.0 |  -0.2 |  -0.1
120  | LS마린솔루션         | 060370   |   77.1 |  -0.2 |   0.4 |   0.2 |   0.4 |   0.0
121  | 수산인더스트리         | 126720   |   76.9 |  -0.0 |   0.3 |   0.4 |  -0.1 |  -0.0
122  | GKL             | 114090   |   76.7 |   0.3 |   0.2 |   0.1 |  -0.0 |  -0.1
123  | 현대엘리베이터         | 017800   |   76.5 |   0.5 |   0.3 |  -0.3 |  -0.1 |  -0.0
124  | 파미셀             | 005690   |   76.3 |  -0.0 |  -1.0 |  -0.1 |   2.1 |   1.2
125  | 시노펙스            | 025320   |   76.2 |   0.3 |   0.3 |  -0.0 |  -0.1 |  -0.1
126  | 삼성전자            | 005930   |   76.0 |   0.2 |   0.3 |   0.2 |  -0.1 |  -0.1
127  | 삼영              | 003720   |   75.8 |   0.0 |   0.8 |  -0.3 |  -0.0 |  -0.2
128  | SNT홀딩스          | 036530   |   75.6 |   0.1 |   0.4 |   0.2 |  -0.0 |  -0.4
129  | LS에코에너지         | 229640   |   75.4 |   0.3 |   0.3 |  -0.2 |  -0.0 |  -0.0
130  | 미스토홀딩스          | 081660   |   75.2 |   0.5 |   0.1 |  -0.1 |  -0.1 |   0.0
131  | LG씨엔에스          | 064400   |   75.0 |   0.1 |   0.4 |  -0.1 |  -0.1 |   0.0
132  | 신성델타테크          | 065350   |   74.8 |  -0.6 |   0.1 |  -0.3 |   2.2 |   0.1
133  | 미코              | 059090   |   74.6 |   0.3 |   0.3 |  -0.4 |   0.2 |   0.0
134  | 한전기술            | 052690   |   74.4 |   0.5 |  -0.0 |   0.1 |  -0.2 |  -0.2
135  | SNT다이내믹스        | 003570   |   74.2 |   0.1 |   0.2 |   0.3 |  -0.1 |  -0.0
136  | 백산              | 035150   |   74.0 |   0.5 |   0.1 |  -0.1 |  -0.1 |  -0.2
137  | 아모레퍼시픽홀딩스       | 002790   |   73.8 |   0.4 |   0.0 |   0.2 |  -0.0 |  -0.5
138  | 다우기술            | 023590   |   73.7 |  -0.2 |   0.5 |   0.1 |   0.1 |  -0.1
139  | 한전KPS           | 051600   |   73.5 |   0.1 |   0.2 |   0.3 |  -0.2 |   0.1
140  | 가비아             | 079940   |   73.3 |   0.2 |   0.4 |  -0.1 |  -0.0 |  -0.2
141  | 동성케미컬           | 102260   |   73.1 |   0.1 |   0.4 |  -0.2 |  -0.0 |  -0.1
142  | 에스원             | 012750   |   72.9 |   0.1 |   0.3 |   0.1 |  -0.1 |  -0.2
143  | 코스메카코리아         | 241710   |   72.7 |   0.3 |   0.3 |  -0.2 |  -0.1 |  -0.1
144  | 현대힘스            | 460930   |   72.5 |  -0.1 |   0.5 |   0.0 |  -0.1 |  -0.1
145  | 한글과컴퓨터          | 030520   |   72.3 |   0.3 |   0.1 |   0.1 |  -0.1 |  -0.2
146  | 영원무역            | 111770   |   72.1 |   0.0 |   0.2 |   0.2 |  -0.1 |  -0.0
147  | SNT모티브          | 064960   |   71.9 |   0.0 |   0.3 |   0.3 |  -0.1 |  -0.1
148  | 코람코더원리츠         | 417310   |   71.7 |   0.9 |  -0.1 |  -0.4 |  -0.1 |  -0.6
149  | 금호타이어           | 073240   |   71.5 |   0.3 |   0.3 |  -0.3 |  -0.1 |   0.0
150  | 무학              | 033920   |   71.3 |   0.3 |   0.2 |   0.0 |  -0.2 |  -0.2
151  | 다우데이타           | 032190   |   71.2 |  -0.2 |   0.5 |   0.1 |   0.1 |  -0.1
152  | 삼현              | 437730   |   71.0 |  -0.2 |   0.5 |   0.3 |  -0.1 |  -0.1
153  | 제일기획            | 030000   |   70.8 |   0.3 |   0.3 |  -0.2 |  -0.1 |  -0.0
154  | NAVER           | 035420   |   70.6 |   0.1 |   0.4 |  -0.0 |  -0.1 |  -0.2
155  | 한샘              | 009240   |   70.4 |   0.7 |  -0.1 |  -0.3 |  -0.2 |  -0.2
156  | 빙그레             | 005180   |   70.2 |   0.1 |   0.2 |   0.1 |  -0.2 |  -0.0
157  | 한화시스템           | 272210   |   70.0 |  -0.1 |   0.8 |  -0.3 |  -0.1 |  -0.1
158  | 아모레퍼시픽          | 090430   |   69.8 |   0.3 |   0.0 |   0.1 |  -0.0 |  -0.5
159  | LIG넥스원          | 079550   |   69.6 |   0.1 |   0.3 |  -0.3 |   0.1 |   0.1
160  | 효성중공업           | 298040   |   69.4 |   0.3 |   0.2 |  -0.3 |   0.1 |   0.0
161  | 넥스틸             | 092790   |   69.2 |   0.1 |   0.2 |   0.1 |  -0.1 |   0.1
162  | 애경산업            | 018250   |   69.0 |   0.2 |  -0.0 |   0.3 |  -0.2 |  -0.1
163  | 솔브레인            | 357780   |   68.8 |   0.1 |  -0.0 |   0.3 |  -0.2 |  -0.0
164  | 삼영무역            | 002810   |   68.7 |  -0.1 |   0.3 |   0.5 |  -0.2 |  -0.4
165  | 덴티움             | 145720   |   68.5 |   0.6 |  -0.2 |  -0.1 |  -0.3 |  -0.1
166  | 대웅              | 003090   |   68.3 |   0.4 |   0.1 |  -0.2 |  -0.1 |  -0.4
167  | 신도리코            | 029530   |   68.1 |  -0.3 |  -0.4 |   1.5 |  -0.3 |  -0.1
168  | LS ELECTRIC     | 010120   |   67.9 |   0.1 |   0.4 |  -0.2 |  -0.1 |   0.0
169  | 대웅제약            | 069620   |   67.7 |   0.4 |   0.0 |  -0.3 |   0.0 |  -0.1
170  | 이노션             | 214320   |   67.5 |   0.2 |   0.3 |  -0.3 |  -0.1 |  -0.1
171  | HD현대미포          | 010620   |   67.3 |  -0.0 |  -0.2 |  -0.3 |   1.0 |   0.1
172  | NHN KCP         | 060250   |   67.1 |  -0.0 |   0.4 |  -0.2 |  -0.1 |   0.1
173  | 한국카본            | 017960   |   66.9 |   0.2 |  -0.1 |  -0.2 |   0.3 |   0.0
174  | 삼성에스디에스         | 018260   |   66.7 |  -0.2 |   0.3 |   0.3 |  -0.1 |  -0.2
175  | HD한국조선해양        | 009540   |   66.5 |   0.2 |   0.1 |  -0.3 |   0.2 |   0.0
176  | HD현대중공업         | 329180   |   66.3 |   0.2 |   0.0 |  -0.4 |   0.3 |   0.0
177  | LF              | 093050   |   66.2 |   0.1 |   0.3 |  -0.1 |  -0.2 |  -0.1
178  | DN오토모티브         | 007340   |   66.0 |   0.2 |   0.3 |  -0.3 |  -0.1 |  -0.1
179  | 현대그린푸드          | 453340   |   65.8 |  -0.0 |   0.2 |  -0.0 |  -0.1 |   0.1
180  | SK가스            | 018670   |   65.6 |  -0.3 |   0.8 |  -0.3 |   0.0 |   0.0
181  | 티에프이            | 425420   |   65.4 |   0.3 |  -0.4 |   0.1 |   0.4 |  -0.5
182  | 보령              | 003850   |   65.2 |   0.0 |   0.3 |  -0.0 |  -0.1 |  -0.1
183  | 유니드             | 014830   |   65.0 |  -0.2 |   0.3 |   0.1 |  -0.1 |   0.1
184  | 풍산홀딩스           | 005810   |   64.8 |   0.1 |   0.1 |   0.1 |  -0.2 |  -0.4
185  | 현대퓨처넷           | 126560   |   64.6 |  -0.5 |   0.1 |   0.9 |  -0.0 |   0.1
186  | YG PLUS         | 037270   |   64.4 |   0.1 |  -0.5 |  -0.0 |   1.7 |  -1.3
187  | 동양생명            | 082640   |   64.2 |  -0.1 |  -0.5 |   1.2 |  -0.2 |   0.1
188  | 한국타이어앤테크놀로지     | 161390   |   64.0 |  -0.1 |   0.2 |  -0.2 |   0.3 |   0.0
189  | 파라다이스           | 034230   |   63.8 |  -0.0 |   0.4 |  -0.2 |  -0.1 |   0.0
190  | 한국콜마            | 161890   |   63.7 |   0.0 |   0.4 |  -0.3 |  -0.1 |  -0.0
191  | 세진중공업           | 075580   |   63.5 |   0.4 |  -0.1 |  -0.3 |   0.2 |  -0.2
192  | 종근당홀딩스          | 001630   |   63.3 |   0.0 |   0.3 |  -0.2 |  -0.1 |   0.0
193  | 한국단자            | 025540   |   63.1 |   0.0 |   0.1 |   0.1 |  -0.2 |  -0.1
194  | 동진쎄미켐           | 005290   |   62.9 |   0.1 |   0.2 |  -0.1 |  -0.1 |  -0.2
195  | LX세미콘           | 108320   |   62.7 |   0.0 |  -0.0 |   0.2 |  -0.2 |   0.0
196  | BGF             | 027410   |   62.5 |  -0.1 |   0.2 |   0.3 |  -0.1 |  -0.2
197  | 한섬              | 020000   |   62.3 |  -0.0 |   0.1 |   0.2 |  -0.2 |  -0.0
198  | 농심              | 004370   |   62.1 |  -0.2 |   0.3 |   0.1 |  -0.1 |  -0.1
199  | 웹젠              | 069080   |   61.9 |   0.0 |  -0.2 |   0.6 |  -0.3 |  -0.1
200  | 현대모비스           | 012330   |   61.7 |  -0.2 |   0.4 |   0.0 |  -0.1 |  -0.1
201  | 에스엘             | 005850   |   61.5 |   0.0 |   0.2 |  -0.0 |  -0.1 |  -0.1
202  | 현대글로비스          | 086280   |   61.3 |   0.0 |   0.3 |  -0.1 |  -0.1 |  -0.3
203  | HDC랩스           | 039570   |   61.2 |  -0.4 |   0.5 |  -0.1 |   0.2 |   0.1
204  | 현대지에프홀딩스        | 005440   |   61.0 |  -0.0 |   0.2 |   0.0 |  -0.0 |  -0.3
205  | 대주전자재료          | 078600   |   60.8 |   0.2 |   0.2 |  -0.4 |  -0.1 |  -0.1
206  | 포스코DX           | 022100   |   60.6 |   0.1 |   0.1 |   0.1 |  -0.3 |  -0.0
207  | 와이씨             | 232140   |   60.4 |  -0.4 |   0.3 |   0.3 |  -0.1 |   0.1
208  | 동아쏘시오홀딩스        | 000640   |   60.2 |   0.1 |   0.2 |  -0.2 |  -0.0 |  -0.0
209  | 기아              | 000270   |   60.0 |   0.2 |   0.2 |  -0.1 |  -0.1 |  -0.4
210  | STX엔진           | 077970   |   59.8 |   0.2 |   0.1 |  -0.4 |   0.0 |   0.0
211  | 지역난방공사          | 071320   |   59.6 |   0.1 |   0.3 |  -0.4 |   0.1 |   0.1
212  | 미래에셋생명          | 085620   |   59.4 |  -0.4 |   0.2 |   0.4 |  -0.1 |   0.1
213  | 씨아이에스           | 222080   |   59.2 |   0.0 |   0.0 |   0.2 |  -0.2 |   0.0
214  | 메리츠금융지주         | 138040   |   59.0 |   0.1 |  -0.2 |   0.3 |  -0.1 |   0.0
215  | 삼성전기            | 009150   |   58.8 |  -0.1 |   0.3 |   0.0 |  -0.1 |  -0.2
216  | 대성에너지           | 117580   |   58.7 |  -0.3 |   0.5 |  -0.2 |   0.1 |   0.0
217  | 케이씨             | 029460   |   58.5 |   0.0 |  -0.2 |   0.3 |   0.0 |  -0.1
218  | RFHIC           | 218410   |   58.3 |   0.0 |  -0.1 |   0.2 |   0.1 |  -0.1
219  | DB              | 012030   |   58.1 |   0.1 |   0.2 |  -0.3 |  -0.0 |  -0.2
220  | 일진전기            | 103590   |   57.9 |   0.0 |   0.2 |  -0.3 |   0.1 |  -0.0
221  | 이리츠코크렙          | 088260   |   57.7 |  -0.2 |   0.4 |  -0.1 |  -0.1 |   0.0
222  | 씨에스윈드           | 112610   |   57.5 |   0.1 |   0.2 |  -0.3 |  -0.1 |   0.0
223  | 한국전력            | 015760   |   57.3 |   0.2 |   0.0 |  -0.3 |   0.0 |   0.1
224  | 고려제강            | 002240   |   57.1 |  -0.6 |   0.6 |   0.1 |   0.0 |   0.0
225  | 환인제약            | 016580   |   56.9 |  -0.2 |  -0.0 |   0.6 |  -0.2 |  -0.2
226  | 제이에스코퍼레이션       | 194370   |   56.7 |   0.1 |   0.3 |  -0.4 |  -0.1 |  -0.1
227  | 휴온스글로벌          | 084110   |   56.5 |  -0.1 |   0.2 |   0.0 |  -0.2 |  -0.1
228  | LG              | 003550   |   56.3 |  -0.2 |   0.1 |   0.3 |  -0.1 |  -0.2
229  | KPX케미칼          | 025000   |   56.2 |  -0.2 |   0.2 |   0.2 |  -0.2 |  -0.2
230  | 미래에셋증권          | 006800   |   56.0 |  -0.3 |   0.1 |   0.2 |  -0.0 |  -0.0
231  | 하이트진로           | 000080   |   55.8 |   0.1 |   0.2 |  -0.4 |  -0.1 |   0.0
232  | 삼성E&A           | 028050   |   55.6 |   0.1 |   0.2 |  -0.2 |  -0.2 |   0.0
233  | 세방전지            | 004490   |   55.4 |  -0.1 |   0.2 |   0.1 |  -0.1 |  -0.1
234  | 인화정공            | 101930   |   55.2 |  -0.2 |   0.3 |   0.0 |   0.0 |  -0.4
235  | 네오위즈            | 095660   |   55.0 |  -0.2 |  -0.1 |   0.4 |   0.1 |  -0.2
236  | 하이트진로홀딩스        | 000140   |   54.8 |   0.1 |   0.2 |  -0.4 |  -0.1 |   0.0
237  | 에스피지            | 058610   |   54.6 |  -0.4 |   0.5 |  -0.0 |  -0.2 |   0.0
238  | 제주반도체           | 080220   |   54.4 |  -0.2 |   0.1 |   0.2 |  -0.1 |  -0.2
239  | TKG휴켐스          | 069260   |   54.2 |  -0.3 |   0.2 |   0.1 |  -0.2 |   0.0
240  | 코스맥스            | 192820   |   54.0 |  -0.1 |   0.3 |  -0.4 |  -0.1 |   0.0
241  | KPX홀딩스          | 092230   |   53.8 |  -0.2 |   0.3 |   0.1 |  -0.1 |  -0.5
242  | 일양약품            | 007570   |   53.7 |  -0.0 |   0.2 |  -0.2 |  -0.1 |   0.0
243  | 한국금융지주          | 071050   |   53.5 |  -0.1 |  -0.1 |   0.2 |  -0.0 |  -0.1
244  | 현대홈쇼핑           | 057050   |   53.3 |  -0.2 |   0.1 |   0.1 |  -0.2 |  -0.0
245  | 키움증권            | 039490   |   53.1 |  -0.1 |  -0.2 |   0.2 |  -0.1 |   0.0
246  | 넥센타이어           | 002350   |   52.9 |  -0.2 |   0.3 |  -0.3 |  -0.1 |   0.0
247  | 하나금융지주          | 086790   |   52.7 |  -0.3 |  -0.2 |   0.5 |  -0.1 |   0.0
248  | 농심홀딩스           | 072710   |   52.5 |  -0.1 |   0.2 |  -0.1 |  -0.1 |  -0.2
249  | 성우하이텍           | 015750   |   52.3 |  -0.4 |   0.6 |  -0.3 |  -0.1 |  -0.0
250  | 화신              | 010690   |   52.1 |  -0.2 |   0.4 |  -0.3 |  -0.0 |  -0.0
251  | 현대오토에버          | 307950   |   51.9 |  -0.2 |   0.4 |  -0.1 |  -0.1 |  -0.5
252  | 동원산업            | 006040   |   51.7 |  -0.2 |   0.1 |  -0.3 |   0.2 |  -0.0
253  | 롯데정밀화학          | 004000   |   51.5 |  -0.6 |   0.2 |   0.5 |  -0.1 |   0.0
254  | 카프로             | 006380   |   51.3 |  -0.2 |  -1.0 |  -0.1 |   1.3 |   1.2
255  | 넥센              | 005720   |   51.2 |  -0.2 |   0.3 |  -0.3 |  -0.1 |   0.0
256  | 한화투자증권          | 003530   |   51.0 |  -0.5 |  -0.7 |  -0.0 |   1.9 |  -0.0
257  | NICE            | 034310   |   50.8 |  -0.2 |   0.4 |  -0.3 |  -0.1 |  -0.1
258  | 대한제분            | 001130   |   50.6 |  -0.3 |   0.2 |  -0.0 |  -0.1 |   0.1
259  | 신대양제지           | 016590   |   50.4 |  -0.4 |   0.2 |   0.2 |  -0.1 |  -0.0
260  | 명신산업            | 009900   |   50.2 |   0.0 |  -0.1 |  -0.0 |  -0.2 |   0.0
261  | BGF리테일          | 282330   |   50.0 |  -0.1 |   0.3 |  -0.4 |  -0.1 |  -0.2
262  | 롯데렌탈            | 089860   |   49.8 |  -0.2 |   0.4 |  -0.4 |  -0.1 |   0.1
263  | LG생활건강          | 051900   |   49.6 |  -0.1 |  -0.0 |   0.2 |  -0.2 |  -0.1
264  | 우리금융지주          | 316140   |   49.4 |  -0.3 |  -0.2 |   0.6 |  -0.2 |   0.1
265  | 에코프로에이치엔        | 383310   |   49.2 |  -0.1 |  -0.1 |   0.2 |  -0.3 |   0.1
266  | INVENI          | 015360   |   49.0 |  -0.0 |  -0.2 |  -0.2 |   0.3 |   0.0
267  | KCC             | 002380   |   48.8 |   0.2 |  -0.0 |  -0.3 |  -0.1 |  -0.5
268  | 선진              | 136490   |   48.7 |   0.1 |  -0.1 |  -0.3 |   0.0 |  -0.1
269  | DB손해보험          | 005830   |   48.5 |   0.1 |  -0.2 |  -0.1 |  -0.1 |   0.0
270  | 일진홀딩스           | 015860   |   48.3 |  -0.3 |   0.2 |  -0.2 |   0.1 |  -0.0
271  | HDC             | 012630   |   48.1 |  -0.2 |   0.2 |  -0.3 |   0.1 |   0.1
272  | KG스틸            | 016380   |   47.9 |  -0.3 |   0.3 |  -0.2 |  -0.1 |   0.0
273  | 삼화콘덴서           | 001820   |   47.7 |  -0.4 |   0.0 |   0.3 |  -0.2 |  -0.0
274  | GS              | 078930   |   47.5 |  -0.2 |   0.3 |  -0.2 |  -0.1 |  -0.0
275  | 기업은행            | 024110   |   47.3 |  -0.3 |  -0.2 |   0.5 |  -0.1 |   0.0
276  | 퍼시스             | 016800   |   47.1 |  -0.2 |  -0.2 |   0.4 |  -0.3 |  -0.2
277  | BNK금융지주         | 138930   |   46.9 |  -0.3 |  -0.2 |   0.5 |  -0.1 |   0.1
278  | JB금융지주          | 175330   |   46.7 |  -0.2 |  -0.2 |   0.3 |  -0.1 |  -0.1
279  | 신세계             | 004170   |   46.5 |   0.0 |   0.1 |  -0.4 |  -0.1 |  -0.2
280  | 비올              | 335890   |   46.3 |   0.3 |  -1.0 |  -0.1 |  -0.1 |   1.2
281  | 서흥              | 008490   |   46.2 |  -0.2 |   0.2 |  -0.2 |  -0.0 |   0.0
282  | TYM             | 002900   |   46.0 |  -0.1 |  -0.1 |  -0.2 |   0.1 |   0.0
283  | KSS해운           | 044450   |   45.8 |   0.1 |   0.3 |  -0.4 |  -0.1 |  -0.8
284  | 시프트업            | 462870   |   45.6 |   0.3 |  -1.0 |  -0.1 |   0.1 |   1.2
285  | HD현대인프라코어       | 042670   |   45.4 |  -0.2 |   0.2 |  -0.2 |  -0.1 |   0.0
286  | 솔브레인홀딩스         | 036830   |   45.2 |  -0.2 |   0.1 |  -0.1 |  -0.1 |  -0.0
287  | 노루홀딩스           | 000320   |   45.0 |  -0.2 |   0.1 |  -0.1 |  -0.2 |  -0.1
288  | 대상              | 001680   |   44.8 |  -0.3 |   0.3 |  -0.3 |  -0.1 |   0.1
289  | 신한알파리츠          | 293940   |   44.6 |  -0.2 |   0.4 |  -0.4 |  -0.1 |  -0.1
290  | 남해화학            | 025860   |   44.4 |  -0.4 |   0.2 |   0.0 |  -0.0 |   0.1
291  | HD현대            | 267250   |   44.2 |  -0.2 |   0.2 |  -0.3 |   0.0 |   0.0
292  | 신한지주            | 055550   |   44.0 |  -0.3 |  -0.2 |   0.4 |  -0.1 |   0.0
293  | 종근당             | 185750   |   43.8 |  -0.1 |  -0.0 |  -0.1 |  -0.2 |   0.0
294  | SK텔레콤           | 017670   |   43.7 |  -0.1 |   0.2 |  -0.3 |  -0.2 |  -0.0
295  | 롯데리츠            | 330590   |   43.5 |  -0.2 |   0.2 |  -0.4 |  -0.1 |   0.1
296  | 금호석유화학          | 011780   |   43.3 |  -0.4 |   0.3 |   0.1 |  -0.1 |  -0.1
297  | 콜마홀딩스           | 024720   |   43.1 |  -0.3 |   0.3 |  -0.1 |  -0.1 |   0.0
298  | SJG세종           | 033530   |   42.9 |  -0.1 |   0.1 |  -0.3 |  -0.0 |   0.0
299  | 티엘비             | 356860   |   42.7 |  -0.1 |  -0.5 |  -0.2 |   0.8 |  -0.1
300  | 유한양행            | 000100   |   42.5 |  -0.4 |   0.1 |   0.1 |  -0.1 |  -0.1
301  | 대한해운            | 005880   |   42.3 |  -0.1 |   0.0 |  -0.1 |  -0.3 |  -0.1
302  | 두산밥캣            | 241560   |   42.1 |  -0.2 |   0.1 |  -0.1 |  -0.2 |  -0.0
303  | 삼양사             | 145990   |   41.9 |  -0.3 |   0.2 |  -0.1 |  -0.2 |  -0.0
304  | 현대차             | 005380   |   41.7 |  -0.2 |   0.3 |  -0.4 |  -0.1 |  -0.1
305  | 삼성증권            | 016360   |   41.5 |  -0.2 |  -0.2 |   0.1 |  -0.1 |   0.1
306  | DL이앤씨           | 375500   |   41.3 |  -0.4 |   0.4 |  -0.2 |  -0.0 |  -0.2
307  | HPSP            | 403870   |   41.2 |   0.2 |  -1.0 |  -0.0 |   0.0 |   1.2
308  | 대상홀딩스           | 084690   |   41.0 |  -0.4 |   0.3 |  -0.3 |  -0.1 |   0.1
309  | 삼성물산            | 028260   |   40.8 |  -0.2 |   0.3 |  -0.1 |  -0.2 |  -0.7
310  | 세아제강            | 306200   |   40.6 |  -0.1 |  -0.2 |   0.1 |  -0.2 |   0.1
311  | 엔씨소프트           | 036570   |   40.4 |  -0.3 |  -0.2 |   0.3 |  -0.1 |   0.0
312  | 대원전선            | 006340   |   40.2 |  -0.4 |   0.2 |  -0.2 |  -0.1 |   0.0
313  | 유바이오로직스         | 206650   |   40.0 |  -0.0 |  -1.0 |  -0.1 |   0.5 |   1.2
314  | 풍산              | 103140   |   39.8 |  -0.3 |   0.1 |  -0.1 |  -0.1 |   0.0
315  | 교촌에프앤비          | 339770   |   39.6 |   0.0 |  -0.3 |  -0.2 |   0.2 |  -0.2
316  | SK오션플랜트         | 100090   |   39.4 |  -0.6 |   0.2 |  -0.1 |   0.1 |   0.1
317  | 고려아연            | 010130   |   39.2 |  -0.5 |   0.3 |  -0.2 |   0.1 |   0.0
318  | HDC현대산업개발       | 294870   |   39.0 |  -0.4 |   0.3 |  -0.3 |  -0.1 |   0.1
319  | 코리안리            | 003690   |   38.8 |  -0.2 |   0.0 |  -0.3 |  -0.1 |   0.0
320  | NH투자증권          | 005940   |   38.7 |  -0.3 |  -0.1 |   0.0 |  -0.1 |  -0.0
321  | 세아제강지주          | 003030   |   38.5 |  -0.5 |   0.3 |  -0.2 |  -0.1 |   0.1
322  | 팬오션             | 028670   |   38.3 |  -0.5 |   0.3 |  -0.2 |  -0.1 |   0.0
323  | 흥아해운            | 003280   |   38.1 |   0.0 |  -0.1 |  -0.1 |  -0.2 |  -0.3
324  | HS효성            | 487570   |   37.9 |  -0.7 |  -0.3 |  -0.2 |   1.4 |   0.1
325  | 롯데칠성            | 005300   |   37.7 |  -0.3 |   0.3 |  -0.4 |  -0.2 |  -0.0
326  | 아세아제지           | 002310   |   37.5 |  -0.5 |   0.2 |   0.2 |  -0.2 |  -0.0
327  | 씨앤씨인터내셔널        | 352480   |   37.3 |  -0.2 |  -0.0 |  -0.0 |  -0.2 |  -0.1
328  | 제이알글로벌리츠        | 348950   |   37.1 |  -0.2 |   0.1 |  -0.3 |  -0.1 |  -0.1
329  | 교보증권            | 030610   |   36.9 |  -0.3 |  -0.1 |   0.0 |  -0.0 |   0.1
330  | iM금융지주          | 139130   |   36.7 |  -0.4 |  -0.6 |   0.7 |  -0.0 |   0.0
331  | HD현대건설기계        | 267270   |   36.5 |  -0.4 |   0.2 |  -0.1 |  -0.1 |  -0.0
332  | KG케미칼           | 001390   |   36.3 |  -0.4 |   0.4 |  -0.3 |  -0.1 |  -0.2
333  | 삼천리             | 004690   |   36.2 |  -0.5 |   0.3 |  -0.3 |  -0.1 |   0.0
334  | 오뚜기             | 007310   |   36.0 |  -0.4 |   0.2 |  -0.1 |  -0.1 |   0.0
335  | 한미사이언스          | 008930   |   35.8 |  -0.2 |  -0.0 |  -0.2 |  -0.1 |  -0.1
336  | 제룡전기            | 033100   |   35.6 |   0.2 |  -1.0 |   0.0 |  -0.2 |   1.2
337  | 현대위아            | 011210   |   35.4 |  -0.6 |   0.4 |  -0.1 |  -0.1 |   0.0
338  | 코오롱인더           | 120110   |   35.2 |  -0.4 |   0.3 |  -0.2 |  -0.1 |   0.0
339  | HL만도            | 204320   |   35.0 |  -0.4 |   0.3 |  -0.3 |  -0.1 |  -0.0
340  | 대한제당            | 001790   |   34.8 |  -0.3 |   0.1 |  -0.2 |  -0.1 |   0.0
341  | 동원시스템즈          | 014820   |   34.6 |  -0.4 |   0.2 |  -0.2 |  -0.1 |  -0.0
342  | 현대해상            | 001450   |   34.4 |  -0.1 |  -0.4 |   0.2 |  -0.2 |  -0.1
343  | 포스코스틸리온         | 058430   |   34.2 |  -0.4 |   0.0 |   0.1 |  -0.2 |  -0.1
344  | 쏠리드             | 050890   |   34.0 |   0.1 |  -0.4 |  -0.1 |  -0.3 |  -0.1
345  | 엠로              | 058970   |   33.8 |  -0.0 |  -0.4 |   0.2 |  -0.2 |  -0.4
346  | 현대차증권           | 001500   |   33.7 |  -0.4 |   0.0 |   0.0 |  -0.1 |  -0.1
347  | 삼성생명            | 032830   |   33.5 |  -0.3 |  -0.1 |   0.1 |  -0.1 |   0.0
348  | 피엔티             | 137400   |   33.3 |   0.3 |  -0.3 |  -0.3 |  -0.4 |  -0.2
349  | 삼양홀딩스           | 000070   |   33.1 |  -0.5 |   0.2 |  -0.1 |  -0.1 |  -0.0
350  | 서연              | 007860   |   32.9 |  -0.2 |   0.1 |  -0.3 |  -0.1 |  -0.3
351  | KB금융            | 105560   |   32.7 |  -0.3 |  -0.1 |   0.4 |  -0.1 |  -0.9
352  | 가온전선            | 000500   |   32.5 |  -0.3 |   0.1 |  -0.3 |   0.2 |  -0.2
353  | 삼양패키징           | 272550   |   32.3 |  -0.4 |   0.1 |  -0.2 |  -0.2 |  -0.1
354  | 한국항공우주          | 047810   |   32.1 |  -0.4 |   0.2 |  -0.3 |  -0.2 |  -0.1
355  | 한화손해보험          | 000370   |   31.9 |  -0.2 |  -0.2 |  -0.1 |  -0.1 |   0.0
356  | PKC             | 001340   |   31.7 |  -0.5 |   0.3 |  -0.4 |  -0.0 |   0.0
357  | 삼성화재            | 000810   |   31.5 |  -0.1 |  -0.2 |  -0.2 |  -0.1 |   0.0
358  | LG유플러스          | 032640   |   31.3 |  -0.4 |   0.2 |  -0.3 |  -0.1 |  -0.1
359  | 태광산업            | 003240   |   31.2 |  -0.7 |  -0.2 |   0.6 |  -0.2 |   0.0
360  | 한국화장품제조         | 003350   |   31.0 |   0.1 |  -1.0 |  -0.1 |  -0.1 |   1.2
361  | 한화              | 000880   |   30.8 |  -0.4 |  -0.2 |  -0.2 |   0.5 |  -0.1
362  | 자화전자            | 033240   |   30.6 |  -0.5 |   0.2 |  -0.2 |  -0.1 |  -0.0
363  | DB증권            | 016610   |   30.4 |  -0.4 |  -0.1 |   0.1 |  -0.1 |  -0.2
364  | CJ대한통운          | 000120   |   30.2 |  -0.5 |   0.3 |  -0.3 |  -0.1 |  -0.1
365  | 한국쉘석유           | 002960   |   30.0 |   0.1 |  -1.0 |  -0.1 |  -0.1 |   1.2
366  | 한세실업            | 105630   |   29.8 |  -0.3 |   0.0 |  -0.2 |  -0.2 |   0.1
367  | 서울보증보험          | 031210   |   29.6 |  -0.3 |  -0.1 |  -0.2 |  -0.1 |   0.1
368  | 서연이화            | 200880   |   29.4 |  -0.3 |   0.1 |  -0.3 |  -0.1 |  -0.2
369  | 레이크머티리얼즈        | 281740   |   29.2 |  -0.0 |  -0.1 |  -0.3 |  -0.2 |  -0.2
370  | 서울가스            | 017390   |   29.0 |  -0.7 |  -0.0 |   0.3 |  -0.1 |   0.0
371  | 아세아             | 002030   |   28.8 |  -0.4 |   0.1 |  -0.1 |  -0.2 |  -0.0
372  | 제주은행            | 006220   |   28.7 |  -0.5 |  -0.2 |   0.3 |  -0.1 |  -0.1
373  | 두산              | 000150   |   28.5 |  -0.5 |   0.3 |  -0.3 |  -0.1 |   0.1
374  | 신영증권            | 001720   |   28.3 |  -0.3 |  -0.1 |  -0.2 |  -0.1 |  -0.0
375  | 엠앤씨솔루션          | 484870   |   28.1 |  -0.1 |  -1.0 |  -0.1 |   0.1 |   1.2
376  | 유진투자증권          | 001200   |   27.9 |  -0.4 |  -0.1 |   0.0 |  -0.1 |  -0.2
377  | 부국증권            | 001270   |   27.7 |  -0.4 |  -0.1 |  -0.1 |  -0.1 |   0.0
378  | CJ              | 001040   |   27.5 |  -0.3 |  -0.0 |  -0.4 |  -0.0 |  -0.1
379  | 한국가스공사          | 036460   |   27.3 |  -0.4 |   0.2 |  -0.4 |  -0.2 |   0.0
380  | 넷마블             | 251270   |   27.1 |  -0.4 |  -0.1 |  -0.1 |  -0.1 |   0.0
381  | LS              | 006260   |   26.9 |  -0.5 |   0.3 |  -0.3 |  -0.1 |  -0.1
382  | 현대코퍼레이션         | 011760   |   26.7 |  -0.5 |   0.2 |  -0.3 |  -0.1 |  -0.0
383  | 광동제약            | 009290   |   26.5 |  -0.5 |   0.1 |  -0.2 |  -0.2 |   0.0
384  | SIMPAC          | 009160   |   26.3 |  -0.7 |   0.3 |  -0.2 |   0.1 |  -0.1
385  | 한일시멘트           | 300720   |   26.2 |  -0.2 |  -0.2 |  -0.1 |  -0.3 |  -0.1
386  | 롯데웰푸드           | 280360   |   26.0 |  -0.4 |  -0.0 |  -0.2 |  -0.2 |   0.1
387  | 삼성중공업           | 010140   |   25.8 |  -0.3 |  -0.1 |  -0.4 |   0.0 |  -0.0
388  | 하림지주            | 003380   |   25.6 |  -0.4 |   0.1 |  -0.4 |  -0.1 |  -0.2
389  | 대한항공            | 003490   |   25.4 |  -0.3 |  -0.0 |  -0.4 |  -0.0 |  -0.1
390  | 삼양컴텍            | 484590   |   25.2 |  -0.1 |  -1.0 |  -0.1 |   0.1 |   1.2
391  | 세방              | 004360   |   25.0 |  -0.5 |   0.1 |   0.1 |  -0.2 |  -0.7
392  | 펩트론             | 087010   |   24.8 |  -0.4 |  -1.0 |  -0.1 |   0.6 |   1.2
393  | 풀무원             | 017810   |   24.6 |  -0.4 |   0.1 |  -0.4 |  -0.1 |  -0.1
394  | 한화생명            | 088350   |   24.4 |  -0.4 |  -0.3 |   0.2 |  -0.2 |  -0.1
395  | 아세아시멘트          | 183190   |   24.2 |  -0.3 |  -0.1 |  -0.2 |  -0.2 |  -0.0
396  | 대한전선            | 001440   |   24.0 |  -0.6 |   0.2 |  -0.2 |  -0.1 |  -0.0
397  | 에스엠벡셀           | 010580   |   23.8 |  -0.2 |  -1.0 |  -0.1 |   0.1 |   1.2
398  | CJ제일제당          | 097950   |   23.7 |  -0.5 |   0.2 |  -0.3 |  -0.2 |  -0.1
399  | 휴스틸             | 005010   |   23.5 |  -0.7 |  -0.0 |   0.1 |  -0.2 |   0.1
400  | 대한제강            | 084010   |   23.3 |  -0.7 |   0.0 |   0.1 |  -0.2 |  -0.1
401  | 넥스트바이오메디컬       | 389650   |   23.1 |  -0.2 |  -1.0 |  -0.1 |   0.1 |   1.2
402  | 셀트리온제약          | 068760   |   22.9 |  -0.2 |  -1.0 |  -0.1 |   0.1 |   1.2
403  | 휴메딕스            | 200670   |   22.7 |  -0.1 |  -1.0 |  -0.1 |  -0.1 |   1.2
404  | 감성코퍼레이션         | 036620   |   22.5 |  -0.1 |  -1.0 |  -0.1 |  -0.1 |   1.2
405  | 한화엔진            | 082740   |   22.3 |  -0.1 |  -1.0 |  -0.1 |   0.0 |   1.2
406  | 삼성카드            | 029780   |   22.1 |  -0.3 |  -0.2 |  -0.3 |  -0.1 |  -0.0
407  | 티씨케이            | 064760   |   21.9 |  -0.1 |  -1.0 |  -0.1 |  -0.1 |   1.2
408  | 유안타증권           | 003470   |   21.7 |  -0.4 |  -0.3 |   0.2 |  -0.2 |  -0.1
409  | 국도화학            | 007690   |   21.5 |  -0.5 |  -0.1 |  -0.2 |   0.1 |  -0.0
410  | LG전자            | 066570   |   21.3 |  -0.4 |  -0.0 |  -0.3 |  -0.1 |  -0.1
411  | 아이마켓코리아         | 122900   |   21.2 |  -0.6 |   0.2 |  -0.3 |  -0.2 |   0.1
412  | 포스코인터내셔널        | 047050   |   21.0 |  -0.6 |   0.2 |  -0.3 |  -0.1 |  -0.2
413  | 사조대림            | 003960   |   20.8 |  -0.5 |   0.0 |  -0.3 |  -0.0 |  -0.1
414  | 카카오             | 035720   |   20.6 |  -0.5 |  -0.0 |  -0.1 |  -0.1 |  -0.2
415  | 해성디에스           | 195870   |   20.4 |  -0.4 |  -0.2 |  -0.1 |  -0.2 |   0.0
416  | 아이쓰리시스템         | 214430   |   20.2 |  -0.1 |  -1.0 |  -0.1 |  -0.1 |   1.2
417  | 케이카             | 381970   |   20.0 |  -0.1 |  -1.0 |  -0.1 |  -0.1 |   1.2
418  | 한국자산신탁          | 123890   |   19.8 |  -0.4 |  -0.4 |   0.1 |  -0.2 |  -0.0
419  | 하이브             | 352820   |   19.6 |  -0.4 |  -0.3 |   0.1 |  -0.1 |  -0.3
420  | 조광피혁            | 004700   |   19.4 |  -0.2 |  -1.0 |  -0.1 |  -0.0 |   1.2
421  | 유나이티드제약         | 033270   |   19.2 |  -0.1 |  -1.0 |  -0.1 |  -0.1 |   1.2
422  | HK이노엔           | 195940   |   19.0 |  -0.2 |  -1.0 |  -0.1 |  -0.1 |   1.2
423  | PI첨단소재          | 178920   |   18.8 |  -0.1 |  -1.0 |  -0.1 |  -0.1 |   1.2
424  | 효성티앤씨           | 298020   |   18.7 |  -0.5 |   0.1 |  -0.4 |  -0.2 |  -0.0
425  | 디아이씨            | 092200   |   18.5 |  -0.6 |   0.2 |  -0.4 |  -0.1 |  -0.1
426  | 흥국화재            | 000540   |   18.3 |  -0.2 |  -1.0 |  -0.1 |  -0.1 |   1.2
427  | 한양증권            | 001750   |   18.1 |  -0.2 |  -1.0 |  -0.1 |  -0.1 |   1.2
428  | 에코프로머티          | 450080   |   17.9 |  -0.2 |  -1.0 |  -0.1 |  -0.0 |   1.2
429  | 한일홀딩스           | 003300   |   17.7 |  -0.4 |  -0.2 |  -0.1 |  -0.2 |  -0.1
430  | SK디스커버리         | 006120   |   17.5 |  -0.6 |  -0.2 |  -0.3 |   0.2 |   0.0
431  | 대신증권            | 003540   |   17.3 |  -0.4 |  -0.3 |  -0.0 |  -0.1 |  -0.3
432  | 미래에셋벤처투자        | 100790   |   17.1 |  -0.6 |  -0.8 |   1.0 |  -0.2 |   0.0
433  | 삼진제약            | 005500   |   16.9 |  -0.2 |  -1.0 |  -0.1 |  -0.1 |   1.2
434  | 대원강업            | 000430   |   16.7 |  -0.6 |   0.1 |  -0.3 |  -0.0 |  -0.2
435  | KT              | 030200   |   16.5 |  -0.3 |  -0.2 |  -0.3 |  -0.0 |  -0.1
436  | 광주신세계           | 037710   |   16.3 |  -0.2 |  -1.0 |  -0.1 |  -0.1 |   1.2
437  | 카카오뱅크           | 323410   |   16.2 |  -0.2 |  -1.0 |  -0.1 |  -0.1 |   1.2
438  | KB발해인프라         | 415640   |   15.5 |  -0.2 |  -1.0 |  -0.1 |  -0.1 |   1.2
439  | 삼성에피스홀딩스        | 0126Z0   |   15.5 |  -0.2 |  -1.0 |  -0.1 |  -0.1 |   1.2
440  | 맥쿼리인프라          | 088980   |   15.5 |  -0.2 |  -1.0 |  -0.1 |  -0.1 |   1.2
441  | 삼양바이오팜          | 0120G0   |   15.5 |  -0.2 |  -1.0 |  -0.1 |  -0.1 |   1.2
442  | 삼성FN리츠          | 448730   |   15.5 |  -0.2 |  -1.0 |  -0.1 |  -0.1 |   1.2
443  | 이지스밸류플러스리츠      | 334890   |   15.5 |  -0.2 |  -1.0 |  -0.1 |  -0.1 |   1.2
444  | 한화리츠            | 451800   |   14.8 |  -0.2 |  -1.0 |  -0.1 |  -0.1 |   1.2
445  | 코람코라이프인프라리츠     | 357120   |   14.6 |  -0.2 |  -1.0 |  -0.1 |  -0.1 |   1.2
446  | 코오롱티슈진          | 950160   |   14.4 |  -0.2 |  -1.0 |  -0.1 |  -0.1 |   1.2
447  | 켐트로닉스           | 089010   |   14.2 |  -0.4 |  -0.1 |  -0.4 |  -0.2 |   0.0
448  | 롯데손해보험          | 000400   |   14.0 |  -0.2 |  -1.0 |  -0.1 |  -0.2 |   1.2
449  | 한진칼             | 180640   |   13.8 |  -0.2 |  -0.3 |   0.0 |  -0.2 |  -0.7
450  | 포스코엠텍           | 009520   |   13.7 |  -0.2 |  -1.0 |  -0.1 |  -0.1 |   1.2
451  | 동운아나텍           | 094170   |   13.5 |  -0.1 |  -1.0 |  -0.1 |  -0.3 |   1.2
452  | 유일로보틱스          | 388720   |   13.3 |  -0.2 |  -1.0 |  -0.1 |  -0.1 |   1.2
453  | 테크윙             | 089030   |   13.1 |  -0.5 |  -0.1 |  -0.3 |  -0.1 |   0.0
454  | 신세계인터내셔날        | 031430   |   12.9 |  -0.2 |  -0.5 |  -0.1 |  -0.3 |  -0.1
455  | HL홀딩스           | 060980   |   12.7 |  -0.6 |   0.1 |  -0.3 |  -0.2 |  -0.0
456  | 솔루엠             | 248070   |   12.5 |  -0.5 |  -0.1 |  -0.3 |  -0.2 |   0.1
457  | 일성아이에스          | 003120   |   12.3 |  -0.2 |  -1.0 |  -0.1 |  -0.1 |   1.2
458  | 영진약품            | 003520   |   12.1 |  -0.2 |  -1.0 |  -0.1 |  -0.2 |   1.2
459  | 한농화성            | 011500   |   11.9 |  -0.2 |  -1.0 |  -0.1 |  -0.2 |   1.2
460  | 앱클론             | 174900   |   11.7 |  -0.4 |  -1.0 |  -0.1 |   0.2 |   1.2
461  | GS리테일           | 007070   |   11.5 |  -0.5 |  -0.1 |  -0.3 |  -0.0 |  -0.2
462  | 쎄트렉아이           | 099320   |   11.3 |  -0.4 |  -0.4 |  -0.1 |  -0.1 |  -0.0
463  | 동국제강            | 460860   |   11.2 |  -0.2 |  -1.0 |  -0.1 |  -0.2 |   1.2
464  | 태웅              | 044490   |   11.0 |  -0.2 |  -1.0 |  -0.1 |  -0.2 |   1.2
465  | 일진하이솔루스         | 271940   |   10.8 |  -0.2 |  -1.0 |  -0.1 |  -0.1 |   1.2
466  | 두산테스나           | 131970   |   10.6 |  -0.2 |  -1.0 |  -0.1 |  -0.2 |   1.2
467  | 드림텍             | 192650   |   10.4 |  -0.7 |   0.1 |  -0.2 |  -0.1 |  -0.2
468  | 한국철강            | 104700   |   10.2 |  -0.2 |  -1.0 |  -0.1 |  -0.2 |   1.2
469  | 송원산업            | 004430   |   10.0 |  -0.5 |  -0.2 |  -0.0 |  -0.2 |   0.0
470  | LX인터내셔널         | 001120   |    9.8 |  -0.6 |   0.0 |  -0.3 |  -0.2 |  -0.0
471  | E1              | 017940   |    9.6 |  -0.7 |   0.0 |  -0.2 |  -0.1 |   0.0
472  | 코스모신소재          | 005070   |    9.4 |  -0.2 |  -1.0 |  -0.1 |  -0.3 |   1.2
473  | 롯데이노베이트         | 286940   |    9.2 |  -0.7 |   0.2 |  -0.2 |  -0.1 |  -0.4
474  | 두산에너빌리티         | 034020   |    9.0 |  -0.6 |  -0.0 |  -0.3 |  -0.2 |  -0.0
475  | LG이노텍           | 011070   |    8.8 |  -0.5 |  -0.2 |  -0.2 |  -0.2 |  -0.1
476  | SPC삼립           | 005610   |    8.7 |  -0.4 |  -0.2 |  -0.3 |  -0.2 |  -0.0
477  | 원익QnC           | 074600   |    8.5 |  -0.3 |  -0.3 |  -0.3 |  -0.2 |  -0.4
478  | LG화학            | 051910   |    8.3 |  -0.8 |  -0.1 |  -0.3 |   0.6 |  -0.6
479  | 방림              | 003610   |    8.1 |  -0.8 |  -0.3 |   0.2 |  -0.1 |   0.1
480  | 나노신소재           | 121600   |    7.9 |  -0.6 |  -0.2 |  -0.2 |  -0.1 |  -0.0
481  | 세아홀딩스           | 058650   |    7.7 |  -0.8 |   0.0 |  -0.2 |  -0.1 |   0.1
482  | 사조산업            | 007160   |    7.5 |  -0.6 |  -0.3 |  -0.3 |   0.1 |  -0.1
483  | 동국홀딩스           | 001230   |    7.3 |  -0.8 |  -0.1 |   0.0 |  -0.2 |  -0.1
484  | 프로티나            | 468530   |    7.1 |  -0.7 |  -1.0 |  -0.1 |   0.5 |   1.2
485  | 도화엔지니어링         | 002150   |    6.9 |  -0.8 |  -0.3 |  -0.4 |   0.4 |  -0.1
486  | 씨젠              | 096530   |    6.7 |  -0.1 |  -0.3 |   0.4 |  -0.1 |  -2.9
487  | 태영건설            | 009410   |    6.5 |  -0.7 |  -0.5 |  -0.2 |   0.3 |   0.1
488  | 진에어             | 272450   |    6.3 |  -0.4 |  -1.0 |  -0.1 |  -0.2 |   1.2
489  | 성신양회            | 004980   |    6.2 |  -0.6 |  -0.2 |  -0.3 |  -0.2 |  -0.1
490  | HS효성첨단소재        | 298050   |    6.0 |  -0.6 |  -0.1 |  -0.4 |  -0.2 |  -0.1
491  | SK네트웍스          | 001740   |    5.8 |  -0.8 |   0.1 |  -0.3 |  -0.2 |  -0.3
492  | 대덕              | 008060   |    5.6 |  -0.8 |  -0.4 |   0.2 |  -0.1 |  -0.0
493  | GS건설            | 006360   |    5.4 |  -0.7 |  -0.1 |  -0.3 |  -0.1 |  -0.1
494  | POSCO홀딩스        | 005490   |    5.2 |  -0.8 |   0.1 |  -0.1 |  -0.2 |  -0.9
495  | CR홀딩스           | 000480   |    5.0 |  -0.8 |  -0.2 |  -0.2 |  -0.1 |  -0.0
496  | SK              | 034730   |    4.8 |  -0.6 |  -0.4 |  -0.3 |  -0.1 |  -0.1
497  | 한화비전            | 489790   |    4.6 |  -0.2 |  -1.0 |  -0.2 |  -0.1 |   0.0
498  | 지투지바이오          | 456160   |    4.4 |  -0.5 |  -1.0 |  -0.1 |  -0.4 |   1.2
499  | GS피앤엘           | 499790   |    4.2 |  -0.2 |  -1.0 |  -0.3 |  -0.1 |   0.1
500  | LG에너지솔루션        | 373220   |    4.0 |  -0.7 |  -0.3 |  -0.3 |  -0.2 |  -0.2
501  | 아이센스            | 099190   |    3.8 |  -0.5 |  -0.3 |  -0.1 |   0.0 |  -1.5
502  | 세아베스틸지주         | 001430   |    3.7 |  -0.8 |  -0.1 |  -0.2 |  -0.2 |  -0.5
503  | 비에이치            | 090460   |    3.5 |  -0.7 |  -0.3 |  -0.2 |  -0.2 |  -0.2
504  | 카카오페이           | 377300   |    3.3 |  -0.7 |  -0.3 |  -0.1 |   0.0 |  -0.8
505  | 한진              | 002320   |    3.1 |  -0.8 |  -0.1 |  -0.4 |  -0.1 |  -0.6
506  | HJ중공업           | 097230   |    2.9 |  -1.0 |  -0.4 |  -0.2 |   0.1 |  -0.1
507  | 에이프릴바이오         | 397030   |    2.7 |  -0.7 |  -1.0 |  -0.1 |  -0.5 |   1.2
508  | 영풍              | 000670   |    2.5 |  -1.6 |   0.2 |  -0.0 |  -0.1 |  -0.1
509  | 포스코퓨처엠          | 003670   |    2.3 |  -1.0 |  -0.4 |  -0.2 |  -0.1 |   0.1
510  | LX하우시스          | 108670   |    2.1 |  -0.6 |  -0.3 |  -0.3 |  -0.2 |  -1.0
511  | 한전산업            | 130660   |    1.9 |  -1.0 |  -0.3 |  -0.2 |  -0.2 |  -0.3
512  | 이뮨온시아           | 424870   |    1.7 |  -1.2 |  -1.0 |  -0.1 |   0.3 |   1.2
513  | 아이에스동서          | 010780   |    1.5 |  -1.0 |  -0.3 |  -0.3 |  -0.3 |   0.0
514  | KG모빌리티          | 003620   |    1.3 |  -0.8 |  -0.4 |  -0.3 |  -0.1 |  -0.8
515  | 율촌화학            | 008730   |    1.2 |  -1.1 |  -0.3 |  -0.3 |  -0.1 |  -0.2
516  | 에스에프에이          | 056190   |    1.0 |  -1.3 |  -0.3 |  -0.1 |  -0.3 |   0.0
517  | 현대건설            | 000720   |    0.8 |  -1.4 |  -0.2 |  -0.3 |  -0.2 |   0.0
518  | 스카이라이프          | 053210   |    0.6 |  -1.7 |  -0.5 |  -0.1 |   0.6 |  -0.4
519  | 현대제철            | 004020   |    0.4 |  -0.9 |  -0.2 |  -0.1 |  -0.2 |  -6.4
520  | 인투셀             | 287840   |    0.2 |  -4.3 |  -1.0 |  -0.1 |  -0.5 |   1.2
